

***************************************
501 825 933 617 578 412 613 498 97 204 685 114 961 910 438 393 942 755 543 171 346 728 979 250 544 170 657 995 101 374 121 238 499 125 911 548 676 336 462 162 874 224 647 127 526 679 314 446 164 756 442 268 591 464 760 441 797 264 947 947 343 966 776 38 219 922 796 107 391 714
---
min 38,97,101; max 966,979,995
---
20.06.2018 20:00:15


***************************************
501 825 933 617 578 412 613 498 97 204 685 114 961 910 438 393 942 755 543 171 346 728 979 250 544 170 657 995 101 374 121 238 499 125 911 548 676 336 462 162 874 224 647 127 526 679 314 446 164 756 442 268 591 464 760 441 797 264 947 947 343 966 776 38 219 922 796 107 391 71
---
min 38,71,97; max 966,979,995
---
20.06.2018 20:00:27


***************************************
1
---
min 1; max 1
---
20.06.2018 20:05:55


***************************************
706 759 77 854 609 701 694 415 510 180 529 576 78 43 23 283 539 659 986 191 914 567 45 810 404 838 616 335 276 934 418 119 856 126 730 918 499 758 898 369 628 905 824 347 220 226 408 133 339 54 192 565 566 25 682 591 463 783 89 899 397 579 464 539 357 778 469 723 618 607
---
min 23,25,43; max 918,934,986
---
20.06.2018 20:06:14


***************************************
270 204 352 661 277 932 556 985 721 878 907 762 307 230 391 923 421 357 829 202 622 228 655 458 418 201 548 289 538 358 794 253 212 802 463 229 166 597 790 718 334 262 341 145 520 3 846 432 482 89 791 414 190 65 138 884 226 701 785 310 571 867 617 530 265 747 258 966 660 61
---
min 3,61,65; max 932,966,985
---
20.06.2018 20:06:40


***************************************
-1 -2 0 3
---
min -2,-1,0; max -1,0,3
---
20.06.2018 20:15:07


***************************************
-34 -677 -921 -660 -627 -973 -692 -160 -305 -956 -132 -779 -482 -204 -911 -43 -930 -498 -816 -512 -818 -847 -920 -935 -99 -204 -223 -784 -674 -139 -98 -762 -569 -491 -605 -724 -42 -764 -520 -114 -358 -774 -647 -824 -656 -818 -735 -124 -132 -390 -92 -31 -476 -191 -720 -281 -277 -964 -540 -782 -846 -407 -42 -184 -655 -201 -446 -975 -355 -884
---
min -975,-973,-964; max -34,-31,884
---
20.06.2018 20:16:13


***************************************
-888 -686 134 686 -721 -308 -902 -298 -546 733 405 -905 483 -871 -702 -467 -493 -863 -625 22 71 527 -833 -876 48 -450 -139 -15 706 -342 -199 -817 771 -796 -175 -172 -166 -179 67 -96 -76 -284 -713 -681 628 590 337 -381 -436 -600 -133 860 570 687 837 574 454 -305 959 331 -358 975 636 -166 567 -268 518 -950 154 -415
---
min -950,-905,-902; max 860,959,975
---
20.06.2018 20:16:59


***************************************
-999 -937 722 -595 -454 343 -362 -676 -255 -149
---
min -999,-937,-676; max 149,343,722
---
23.06.2018 2:59:24


***************************************
-999 -937 722 -595 -454 343 -362 -676 -255 -149
---
min -999,-937,-676; max 149,343,722
---
23.06.2018 3:03:08


***************************************
-999 -937 722 -595 -454 343 -362 -676 -255 -149
---
min -999,-937,-676; max 149,343,722
---
23.06.2018 3:03:14


***************************************
-50 367 -816 -303 905 977 176 278 -634 459
---
min -816,-634,-303; max 459,905,977
---
23.06.2018 3:03:38


***************************************
-28 792 713 29 725 -796 -974 139 356 335
---
min -974,-796,-28; max 713,725,792
---
23.06.2018 3:03:40


***************************************
149 -567 864 881 745 897 -12 446 -981 84 943 -80 -144 -388 -767 383 54 -96 687 -975 -831 314 -565 827 -666 -909 131 -402 -232 798 -581 -829 196 277 109 147 -112 734 19 -8 -447 73 -34 857 -213 28 -138 -53 317 -765 396 -205 737 -205 264 279 -33 -545 -588 727 153 -28 -734 954 -774 783 -573 573 832 -453
---
min -981,-975,-909; max 897,943,954
---
23.06.2018 3:35:02


***************************************
 1 1 1
---
min 1,1,1; max 1,1,1
---
23.06.2018 4:01:26


***************************************
 1
---
min 1; max 1
---
23.06.2018 4:01:30


***************************************
 1 -2
---
min 1,2; max 1,2
---
23.06.2018 4:02:02


***************************************
 10 9 -2
---
min 2,9,10; max 2,9,10
---
23.06.2018 4:03:01


***************************************
10 9 -2
---
min 2,9,10; max 2,9,10
---
23.06.2018 4:03:13


***************************************
-456 326 365 991 380 618 -436 953 379 915 792 -3 166 766 71 780 804 -475 39 399 -28 -323 573 -318 -319 253 -65 593 -412 871 994 459 -74 -232 912 -406 880 -412 106 251 640 550 642 731 733 13 592 845 609 -176 279 797 -163 694 698 -67 -368 738 270 680 319 701 979 857 703 734 786 -46 -289 988
---
min -475,-456,-436; max 988,991,994
---
23.06.2018 4:03:25


***************************************
-456 326 365 991 380 618 -436 953 379 915 792 -3 166 766 71 780 804 -475 39 399 -28 -323 573 -318 -319 253 -65 593 -412 871 994 459 -74 -232 912 -406 880 -412 106 251 640 550 642 731 733 13 592 845 609 -176 279 797 -163 694 698 -67 -368 738 270 680 319 701 979 857 703 734 786 -46 -289 -988
---
min -475,-456,-436; max 988,991,994
---
23.06.2018 4:03:36


***************************************
-1
---
min 1; max 1
---
23.06.2018 4:03:42


***************************************
-1 2 -3
---
min -1,2,3; max -1,2,3
---
23.06.2018 4:03:46


***************************************
10 -2
---
min 2,10; max 2,10
---
23.06.2018 4:05:47


***************************************
-1 -2 -3
---
min -2,-1,3; max -2,-1,3
---
23.06.2018 4:05:57


***************************************
-1 -2 -3
---
min -3,-2,-1; max -3,-2,-1
---
23.06.2018 4:06:45


***************************************
-1 -2-3
---
min -2,-1,3; max -2,-1,3
---
23.06.2018 4:06:50


***************************************
 10 9 -2
---
min -2,9,10; max -2,9,10
---
23.06.2018 4:07:02


***************************************
 10 9 -2 4 3
---
min -2,3,4; max 4,9,10
---
23.06.2018 4:07:13


***************************************
214 -477 -220 -123 -361 362 958 -166 543 754 -369 594 -207 734 586 712 963 -190 720 592 -219 264 199 42 288 437 -421 663 -307 -437 593 -448 324 40 167 189 919 935 621 704 905 895 867 -351 661 494 -202 -252 652 434 -45 964 -311 -114 -116 122 455 -359 44 -310 796 99 928 185 665 -473 986 559 978 -141
---
min -477,-473,-448; max 964,978,986
---
23.06.2018 4:27:38


***************************************
787 -197
---
min -197,787; max -197,787
---
23.06.2018 4:27:46


***************************************
480 655 725 362 -88 -470 425 256 163 734 -21 582 -32 107 -494 -346 122 878 572 -491 986 368 -28 243 702 -288 -360 -79 273 -74 758 -429 -443 516 65 -360 77 685 722 167 939 612 924 824 34 589 407 304 -449 734 793 971 214 -155 134 998 536 -156 394 152 -240 114 447 720 517 947 86 455 115 -340
---
min -494,-491,-470; max 971,986,998
---
22.07.2019 22:24:51
